ztrop_ROMSAF_radio_occultation_092001_to_122016=[12320.3    11792.9    12431.4    11297.6    11263.5    10390.8    9341.2    10005.9    10530.1    11001.9    11361.7    12675.9    14698.6    15939.6    15968.4    16321.4    16329.8    16267.7    16218    16159.9    16111    16244.5    16113.6    15981.6    15190.8    14377.5    13234.7    12072.2    10870.9    10229.4    10131.4    9659.9    9554.7    9314.4    9312.6    9231.2    ;                                                 11429.3    11325.1    10801.6    10759.3    10733.9    10345.4    10327.6    10528.4    10529.4    10750.9    11277.8    13234.6    15154    16152.5    16325.1    16405.7    16638.9    16631.5    16693    16560    16504.1    16471.3    16284.3    16026.1    15725.7    14031.7    12877.5    11454.5    10336.4    9814.5    9670.8    9421    9565    8888.3    8545.7    8498.6    ;                                                 11194.4    10592.7    10392.2    9917.3    9797.8    9474.9    9451.5    10129.7    10460.9    10662.7    12400.6    13985.1    15419.7    16108.9    16535    16662.7    16676.1    16751.8    16748.1    16818.8    16653.4    16521.9    16354.9    15556.2    14869.6    12473.7    11328.1    10565.2    9802.8    9736.5    9298.3    8896.4    8756.8    8474.4    8894.3    8410.7    ;                                                 9835.3    9558.6    9386.2    9194.6    9234.1    9337.1    9536.8    10265.5    10616    11726.8    12294.9    14513.4    15711.4    16526.2    16724.9    16769.6    16940.3    17053.1    17117.2    16980.1    16874.6    16661.1    16559.1    15170.1    13096.5    12048.8    11031.4    9884.8    9870.1    9358.8    9544.3    9124.8    9107.4    8836.9    8631    8396.4    ;                                                 NaN    8591.6    8693.4    8659.6    8616.5    8776    9634.8    10551.8    11354.9    12085.1    13405.2    15537.7    16013.4    16412.1    16974.6    17016    17010.6    17144.1    17115.3    16966.4    16995.7    16934.7    15998.8    15744.2    12623.1    11225.4    10810.6    10319.3    9691.7    9098.1    8832.8    8561.1    8666.1    8605.8    8877.4    NaN    ;                                                 8081.2    8124.1    8119.8    8280.5    8780    8879.2    9851.8    10380.9    11459.4    12186    13797.5    15362    16107.1    16667.6    16351.5    16781.4    17114.3    17047.7    17165.8    16980.4    16812.9    16810.5    16723.5    14889.9    12744    10623.4    10496    9964.1    9405.2    9506    9182.6    8032.9    8344.7    8509.1    8428.6    9292.8    ;                                                 8102.4    7960.1    8393.8    8776.9    9035    8934.5    9149.8    9881.9    10941.2    11981.1    13961.7    15198.8    16268.4    16480.1    16758.9    16901.2    16905.5    17061.5    16968.1    16914.4    16839.3    16882.8    16520.1    14905.6    12214.9    11189.8    10638.4    10327.6    9413    9166    8756    8812.7    8680.9    8619.6    8536.2    8344.1    ;                                                 8337    8280.1    8401    8523.5    8551.1    8843.7    9598    10603.4    10818.8    11724.9    12696.9    14361.4    15939    16410.9    16741.3    16735.2    16818.3    16825.3    16860    16798.4    16810.8    16698.8    16618.6    15048.1    13293.6    12075.5    11391.8    10672.6    9974.7    9511.3    9336.3    8916.6    8565.1    8126    7766.8    7782.3    ;                                                 9071.2    9022.1    9242.7    9465.9    9404.3    9343    9395    9783.9    10692.9    11029    11407.2    13021.4    15545.5    16454.5    16757.2    16849.8    16836.1    16776.9    16851.3    16776.2    16687    16648    16303.1    15286.1    13845.8    12500.2    11532.8    10840.4    10155.2    9926.4    9703.7    9305.3    8895.2    8641.4    8753.3    8597.7    ;                                                 8786.3    9450    9742.6    9581.2    9551.3    9511.2    9537.1    9968    10068.9    10867.5    11560    13044.5    15200.8    16147.3    16369.7    16419.4    16494.2    16528.8    16491.3    16500.6    16294    16302.4    15967.5    15885.1    15559.8    14245.6    12609.9    11510.8    10765.7    10377.3    10130.8    9669.2    9505.9    8993    8904.6    8941.7    ;                                                 NaN    10720.3    10255.2    9781.7    10022.4    9864.5    9390.2    9682.7    10131.4    10630.4    10982.4    12670.9    14524.6    16003.5    16332.3    16414.2    16383.3    16329.6    16362.8    16293.8    16315.1    16215.9    16125.3    16063.2    15539.7    14958.6    13586.2    12384    11339.9    10933.5    10700.9    10196.8    9856.3    9404.1    9247.1    NaN    ;                                                 11633.7    11524    11157.9    10669.8    10214.2    9900.3    9919.2    9816.7    9977.6    10518.9    11319.6    13012.9    15298.8    16048.4    16312.4    16329.2    16287    16249.8    16336.7    16313.6    16234.2    16206.5    16177.6    15989.8    15481.7    14718.4    13687.8    12403.9    11256.4    10773.3    10479.5    10265.8    9767.8    9568.4    9391    9587.6    ;                                                 9690.8    10581.4    10041    9805.3    9751.1    10052.1    9475    9424.7    9997.6    10430.1    11262.8    13084.4    15288.6    16254.5    16444.7    16436.6    16349.6    16250.3    16331.3    16367.7    16423.6    16357.1    16314.2    16044.7    15520.3    14844.2    13160.1    12095.6    11148.2    10610    10153.3    9738    9426.4    9524.6    8756.8    8982.4    ;                                                 9404.5    9065.2    9023.3    8905.1    8992.9    9045.9    9050.2    9183.6    9642.7    10542.3    11568.6    13931.3    15676    16500.6    16670.1    16645.5    16614    16505.3    16614.3    16596.8    16601.8    16629.4    16275.9    15988.1    15151.7    13500.8    12164.6    10981.8    9985.3    9773.6    9527.7    9495.3    9359.5    9215    8960.9    8533.8    ;                                                 7694.6    7935.6    7972.4    8300.9    8508.5    8669.5    8894.7    9570.8    10516.5    11441.3    12610.8    14711.2    15850.4    16459.5    16613.9    16807.1    16716.5    16711.1    16814.7    16730.4    16698.7    16688    16446.1    15968.3    15059.3    12719.8    11263    10150.6    9984.6    9689.8    9261.6    9253.1    9468.7    9056.6    9016.1    8562    ;                                                 8021.2    7887.5    8179.7    8261.7    8415    8676.5    9191.6    9902.6    10730    11765.3    13171.2    14787.4    15999.6    16622    16762.2    16808.4    16983.3    16998    16920.4    16965.8    16920.2    16881.4    16689.5    15501.4    13620.5    11378.4    10350.1    10076.4    9418.6    9409.1    9096.2    8949.6    9108.3    9071.5    8909.2    8718.6    ;                                                 8328.9    8341.4    8405.6    8622.6    8957.6    8998.7    9248.2    9918.2    11104.4    12343.8    13789.9    15332.6    16211.6    16757.4    16685.9    16938    16964.8    16994.5    17055    16959.4    17066.6    17093.5    16666.5    15496    13595.6    11808.6    10543.5    10146.6    9405    9464    9244.8    9069.5    8667    8645.4    8499.5    8907.7    ;                                                 8021.2    8313.3    8423.8    8568.8    8648.9    8860.6    9273.7    10152.2    11454.4    12847.9    14294.5    15489.8    16322.7    16781    16834.5    16959.9    16824.8    16765.6    16810.4    16925    16983.8    17112.3    17003.4    15166    12042.5    10701.2    10176.6    9819.8    9576.2    9704.7    9380.8    8802.2    8718.2    8729.1    8046    7735    ;                                                 7804.1    7958.1    8084.8    8426.5    8513.3    8781.3    9400.7    10236.3    11287.4    12376.5    13917.7    15367.4    16274.5    16611.3    16755    16746.4    16798.5    16741.5    16777.4    16776.3    16828.8    16768.5    16515.9    14992.9    12320.9    11089.2    10805.9    